0.4000 0.0000 0.0000 0.6000 1.0000 0.4000
0.4000 0.0000 0.6000 0.6000 1.0000 1.0000
0.4000 0.0000 0.4000 0.6000 0.4000 0.6000
0.4000 0.6000 0.4000 0.6000 1.0000 0.6000
0.0280 0.1286 0.4230 0.1415 0.2559 0.5373
0.1556 0.8575 0.1766 0.2673 1.0000 0.2827
0.4513 0.7160 0.6883 0.5661 0.8293 0.8009
0.6410 0.2041 0.1707 0.7710 0.3368 0.3167
0.4375 0.7089 0.0077 0.5780 0.8410 0.1150
0.8505 0.8806 0.5633 0.9934 0.9849 0.6663
0.7269 0.3213 0.8789 0.8437 0.4355 1.0000
0.5360 0.8371 0.1166 0.6637 0.9513 0.2628
0.0028 0.7475 0.7029 0.1363 0.8821 0.8246
0.8949 0.7545 0.8905 0.9971 0.8761 0.9976
